252
200.0	6.983240e+02
300.0	2.617801e+03
302.0	2.770083e+03
304.0	2.932551e+03
306.0	3.095975e+03
308.0	3.278689e+03
310.0	3.472222e+03
312.0	3.676471e+03
314.0	3.891051e+03
316.0	4.132231e+03
318.0	4.385965e+03
320.0	4.651163e+03
322.0	4.926108e+03
324.0	5.235602e+03
326.0	5.555556e+03
328.0	5.882353e+03
330.0	6.250000e+03
332.0	6.622517e+03
334.0	7.042254e+03
336.0	7.462687e+03
338.0	7.874016e+03
340.0	8.403361e+03
342.0	8.849558e+03
344.0	9.345794e+03
346.0	9.900990e+03
348.0	1.041667e+04
350.0	1.098901e+04
352.0	1.162791e+04
354.0	1.219512e+04
356.0	1.282051e+04
358.0	1.333333e+04
360.0	1.408451e+04
362.0	1.449275e+04
364.0	1.515152e+04
366.0	1.562500e+04
368.0	1.612903e+04
370.0	1.666667e+04
372.0	1.724138e+04
374.0	1.754386e+04
376.0	1.785714e+04
378.0	1.818182e+04
380.0	1.851852e+04
382.0	1.851852e+04
384.0	1.886792e+04
386.0	1.886792e+04
388.0	1.886792e+04
390.0	1.851852e+04
392.0	1.851852e+04
394.0	1.851852e+04
396.0	1.818182e+04
398.0	1.785714e+04
400.0	1.724138e+04
402.0	1.694915e+04
404.0	1.639344e+04
406.0	1.587302e+04
408.0	1.538462e+04
410.0	1.492537e+04
412.0	1.449275e+04
414.0	1.388889e+04
416.0	1.351351e+04
418.0	1.315789e+04
420.0	1.265823e+04
422.0	1.219512e+04
424.0	1.190476e+04
426.0	1.149425e+04
428.0	1.123596e+04
430.0	1.086957e+04
432.0	1.063830e+04
434.0	1.030928e+04
436.0	1.010101e+04
438.0	9.803922e+03
440.0	9.615385e+03
442.0	9.433962e+03
444.0	9.259259e+03
446.0	9.090909e+03
448.0	8.928571e+03
450.0	8.771930e+03
452.0	8.620690e+03
454.0	8.474576e+03
456.0	8.333333e+03
458.0	8.196721e+03
460.0	8.064516e+03
462.0	7.936508e+03
464.0	7.812500e+03
466.0	7.692308e+03
468.0	7.518797e+03
470.0	7.407407e+03
472.0	7.246377e+03
474.0	7.092199e+03
476.0	6.944444e+03
478.0	6.756757e+03
480.0	6.578947e+03
482.0	6.369427e+03
484.0	6.172840e+03
486.0	5.988024e+03
488.0	5.747126e+03
490.0	5.524862e+03
492.0	5.291005e+03
494.0	5.050505e+03
496.0	4.784689e+03
498.0	4.484305e+03
500.0	4.201681e+03
502.0	3.921569e+03
504.0	3.663004e+03
506.0	3.436426e+03
508.0	3.225806e+03
510.0	3.039514e+03
512.0	2.865330e+03
514.0	2.717391e+03
516.0	2.590674e+03
518.0	2.475248e+03
520.0	2.444988e+03
522.0	2.403846e+03
524.0	2.444988e+03
526.0	2.341920e+03
528.0	2.364066e+03
530.0	2.331002e+03
532.0	2.247191e+03
534.0	2.192982e+03
536.0	2.127660e+03
538.0	2.083333e+03
540.0	2.020202e+03
542.0	1.988072e+03
544.0	1.897533e+03
546.0	1.838235e+03
548.0	1.773050e+03
550.0	1.700680e+03
552.0	1.636661e+03
554.0	1.584786e+03
556.0	1.547988e+03
558.0	1.519757e+03
560.0	1.488095e+03
562.0	1.457726e+03
564.0	1.430615e+03
566.0	1.392758e+03
568.0	1.362398e+03
570.0	1.317523e+03
572.0	1.270648e+03
574.0	1.221001e+03
576.0	1.165501e+03
578.0	1.116071e+03
580.0	1.050420e+03
582.0	1.000000e+03
584.0	9.267841e+02
586.0	8.628128e+02
588.0	7.980846e+02
590.0	7.374631e+02
592.0	6.854010e+02
594.0	6.381621e+02
596.0	5.882353e+02
598.0	5.376344e+02
600.0	4.496403e+02
602.0	4.226543e+02
604.0	4.084967e+02
606.0	3.865481e+02
608.0	3.769318e+02
610.0	3.716091e+02
612.0	3.683241e+02
614.0	3.649635e+02
616.0	3.617945e+02
618.0	3.590664e+02
620.0	3.558719e+02
622.0	3.522367e+02
624.0	3.486750e+02
626.0	3.456619e+02
628.0	3.422313e+02
630.0	3.384095e+02
632.0	3.346720e+02
634.0	3.321156e+02
636.0	3.291639e+02
638.0	3.250975e+02
640.0	3.214401e+02
642.0	3.180662e+02
644.0	3.143666e+02
646.0	3.102699e+02
648.0	3.064664e+02
650.0	3.016591e+02
652.0	2.974420e+02
654.0	2.921414e+02
656.0	2.850627e+02
658.0	2.750275e+02
660.0	2.637826e+02
662.0	2.543882e+02
664.0	2.488181e+02
666.0	2.455796e+02
668.0	2.440215e+02
670.0	2.426007e+02
672.0	2.409639e+02
674.0	2.396358e+02
676.0	2.367985e+02
678.0	2.341920e+02
680.0	2.315887e+02
682.0	2.282584e+02
684.0	2.243158e+02
686.0	2.200220e+02
688.0	2.152389e+02
690.0	2.100840e+02
692.0	2.039568e+02
694.0	1.971998e+02
696.0	1.906941e+02
698.0	1.828154e+02
700.0	1.747641e+02
702.0	1.668057e+02
704.0	1.586546e+02
706.0	1.508751e+02
708.0	1.430001e+02
710.0	1.348618e+02
712.0	1.266945e+02
714.0	1.184133e+02
716.0	1.097815e+02
718.0	1.013069e+02
720.0	9.324879e+01
722.0	8.562377e+01
724.0	7.883948e+01
726.0	7.289161e+01
728.0	6.724950e+01
730.0	6.168651e+01
732.0	5.595345e+01
734.0	5.020836e+01
736.0	4.530217e+01
738.0	4.176761e+01
740.0	3.949603e+01
742.0	3.812283e+01
744.0	3.742095e+01
746.0	3.700825e+01
748.0	3.674309e+01
750.0	3.658447e+01
752.0	3.647904e+01
754.0	3.639275e+01
756.0	3.630818e+01
758.0	3.619516e+01
760.0	3.608805e+01
762.0	3.605813e+01
764.0	3.604643e+01
766.0	3.609978e+01
768.0	3.621876e+01
770.0	3.630818e+01
772.0	3.638745e+01
774.0	3.662333e+01
776.0	3.690445e+01
778.0	3.718025e+01
780.0	3.760812e+01
782.0	3.797661e+01
784.0	3.837004e+01
786.0	3.890748e+01
788.0	3.947109e+01
790.0	4.012197e+01
792.0	4.084800e+01
794.0	4.152307e+01
796.0	4.211945e+01
798.0	4.285959e+01
800.0	4.360719e+01
